       8.3173656       8.3173656       8.3173656       8.3173656       8.2637415
       8.2816162       8.2637415       8.2816162       8.1743679       8.1922426
       8.1922426       8.1922426       8.1922426       8.1922426       8.1922426
       8.2458668       8.2458668       8.2279930       8.2279930       8.2279930
       8.2279930       8.1028690       8.1028690       8.1028690       8.1028690
       8.0134954       8.0134954       8.0313702       8.0313702       8.0313702
       8.0313702       8.0134954       8.0134954       7.9419966       7.9956212
       7.9419966       7.9419966       7.9419966       7.9777465       7.9777465
       7.9777465       7.9777465       8.0134954       7.9956212       7.9956212
       8.0313702       7.9956212       8.0313702       8.0313702       7.9956212
       7.9598713       7.9419966       7.9598713       7.9419966       7.9777465
       7.9777465       7.9777465       7.9777465       7.9777465       7.9598713
       7.9598713       7.9598713       7.9598713       7.8704977       7.9241223
       7.8704977       7.7989988       7.8168736       7.8168736       7.8168736
       7.8168736       7.9062476       7.8526235       7.8526235       7.7632499
       7.6381269       7.2985072       7.6381269       7.2985072       7.0482616
       6.9767628       6.9767628       6.9767628       6.9767628       6.9231381
       6.9231381       6.9410129       6.8873887       6.8873887       6.8873887
       6.8873887       6.8695140       6.8695140
       8.3173656       8.3173656       8.2637415       8.2637415       8.2637415
       8.2816162       8.2637415       8.1743679       8.1743679       8.1922426
       8.1922426       8.1922426       8.0492449       8.1922426       8.1922426
       8.2458668       8.2279930       8.2279930       8.2279930       8.2279930
       8.0671196       8.1028690       8.1028690       8.0671196       8.0134954
       8.0134954       8.0134954       8.0313702       8.0313702       8.0313702
       8.0313702       8.0134954       7.9956212       7.9419966       7.9956212
       7.9419966       7.9956212       7.9777465       7.9777465       7.9777465
       7.9777465       8.0134954       8.0134954       7.9956212       7.9956212
       8.0313702       8.0313702       8.0313702       7.9241223       7.9598713
       7.9598713       7.9419966       7.9598713       7.9777465       7.9777465
       7.9777465       7.9777465       7.9598713       7.9777465       7.9598713
       7.9598713       7.9598713       7.9241223       7.8704977       7.9241223
       7.7989988       7.7989988       7.8168736       7.8168736       7.9062476
       7.9419966       7.9062476       7.8526235       7.7811246       7.6381269
       7.6381269       7.2985072       7.6381269       7.0482616       7.0482616
       6.9767628       6.9767628       6.9231381       6.9052629       6.9231381
       6.9231381       6.8873887       6.8873887       6.8873887       6.8873887
       6.8695140       6.8695140       6.8695140
       7.9777465       7.9777465       7.8704977       7.9419966       7.9419966
       7.9241223       7.9598713       7.9241223       7.9598713       7.9241223
       7.9777465       7.9777465       7.9777465       7.9777465       7.9241223
       7.9241223       7.9241223       7.9241223       7.9241223       7.9777465
       7.9777465       7.9956212       7.9777465       8.2279930       8.1922426
       8.1922426       8.1922426       8.1207438       8.1207438       8.1207438
       8.2279930       8.1922426       8.1922426       8.1922426       8.2279930
       8.2994919       8.2994919       8.2458668       8.2994919       8.1922426
       8.2279930       8.1922426       8.2279930       8.1386185       8.1386185
       8.1207438       8.1386185       8.1028690       8.1028690       8.1028690
       8.1028690       8.0849953       8.1207438       8.0849953       8.1207438
       8.0849953       8.1564941       8.0671196       8.1564941       8.1207438
       8.1207438       8.0671196       8.0671196       8.0492449       8.0492449
       8.0492449       8.0492449       8.0134954       7.7989988       7.6023774
       7.7989988       7.6023774       7.4415045       7.4415045       7.1555095
       7.4415045       6.8337641       6.8516393       6.8337641       6.8516393
       6.8516393       6.8516393       6.8337641       6.8516393       6.8337641
       6.8337641       6.8337641       6.8337641       6.8337641       6.8337641
       6.8337641       6.8158903       6.8158903
       7.8704977       7.8704977       7.8704977       7.9598713       7.9598713
       7.9598713       7.9419966       7.9956212       7.9956212       7.9777465
       7.9956212       7.9241223       7.9419966       7.9241223       7.9419966
       7.9241223       7.9956212       7.9777465       7.9956212       7.9956212
       8.2279930       8.2279930       8.2279930       8.2279930       8.1922426
       8.1922426       8.1922426       8.1207438       8.2279930       8.2279930
       8.2816162       8.2279930       8.2994919       8.2994919       8.2994919
       8.2994919       8.2637415       8.2279930       8.2279930       8.2279930
       8.2637415       8.1386185       8.1386185       8.1386185       8.0849953
       8.1028690       8.0849953       8.1028690       8.1564941       8.1207438
       8.1207438       8.1207438       8.1207438       8.1922426       8.1922426
       8.1564941       8.1922426       8.1207438       8.1028690       8.1207438
       8.0492449       8.0492449       8.0492449       8.0492449       8.0492449
       7.8883724       7.8883724       7.7989988       7.7989988       6.9231381
       6.9588876       6.9231381       7.4415045       6.8516393       6.8516393
       6.8516393       6.8516393       6.8516393       6.8516393       6.8516393
       6.8516393       6.8337641       6.8337641       6.8337641       6.8337641
       6.8337641       6.8337641       6.8337641       6.8158903       6.8337641
       6.8158903       6.8158903       6.8158903
       7.9598713       7.9598713       7.9419966       7.9598713       7.9956212
       7.9777465       7.9956212       7.9956212       7.9419966       7.9241223
       7.9241223       7.9241223       7.9419966       7.9956212       7.9956212
       7.9777465       7.9956212       8.2279930       8.2279930       8.2279930
       8.2279930       8.1922426       8.1922426       8.1922426       8.1207438
       8.2279930       8.2279930       8.1922426       8.2279930       8.2994919
       8.2994919       8.2994919       8.2994919       8.2279930       8.2637415
       8.2279930       8.2637415       8.2279930       8.1386185       8.1386185
       8.1386185       8.0849953       8.0849953       8.1028690       8.1028690
       8.1207438       8.1564941       8.1207438       8.1207438       8.1207438
       8.1922426       8.1564941       8.1922426       8.1922426       8.1028690
       8.1207438       8.1207438       8.0492449       8.0492449       8.0492449
       8.0492449       8.0492449       7.8883724       7.7989988       7.8883724
       7.7989988       6.9588876       6.9231381       6.9231381       6.8695140
       6.9588876       6.8695140       6.8516393       6.8516393       6.8516393
       6.8516393       6.8516393       6.8516393       6.8337641       6.8337641
       6.8337641       6.8337641       6.8337641       6.8337641       6.8337641
       6.8337641       6.8158903       6.8158903       6.8158903       6.8158903
       6.8337641       6.8337641       6.8337641
       7.9598713       7.9956212       7.9956212       7.9777465       7.9956212
       7.9241223       7.9419966       7.9241223       7.9419966       7.9241223
       7.9956212       7.9777465       7.9956212       7.9956212       8.2279930
       8.2279930       8.2279930       8.1922426       8.2279930       8.1922426
       8.1922426       8.1207438       8.2279930       8.2279930       8.1922426
       8.2279930       8.2994919       8.2994919       8.2994919       8.2994919
       8.2637415       8.2279930       8.2279930       8.2279930       8.2637415
       8.1386185       8.1386185       8.1386185       8.0849953       8.1028690
       8.0849953       8.1028690       8.1564941       8.1207438       8.1207438
       8.1207438       8.1207438       8.1922426       8.1922426       8.1564941
       8.1922426       8.1207438       8.1028690       8.1207438       8.0492449
       8.0492449       8.0492449       8.0492449       8.0492449       7.8883724
       7.8883724       7.7989988       7.7989988       6.9231381       6.9588876
       6.9231381       6.9588876       6.8695140       6.8695140       6.8873887
       6.8695140       7.2270083       6.8516393       6.8516393       6.8516393
       6.8337641       6.8337641       6.8337641       6.8337641       6.8337641
       6.8337641       6.8337641       6.8158903       6.8337641       6.8158903
       6.8158903       6.8158903       6.8337641       6.8337641       6.8337641
       6.8337641       6.8337641       6.8158903
       7.9777465       7.9956212       7.9419966       7.9241223       7.9241223
       7.9241223       7.9419966       7.9956212       7.9956212       7.9777465
       7.9956212       8.2279930       8.2279930       8.2279930       8.2279930
       8.1922426       8.1922426       8.1207438       8.1922426       8.2279930
       8.2279930       8.1922426       8.2279930       8.2994919       8.2994919
       8.2994919       8.2994919       8.2994919       8.2279930       8.2279930
       8.2637415       8.2279930       8.1386185       8.1386185       8.1386185
       8.0849953       8.0849953       8.1028690       8.1028690       8.1207438
       8.1564941       8.1207438       8.1207438       8.1207438       8.1922426
       8.1564941       8.1922426       8.1922426       8.1028690       8.1207438
       8.1207438       8.0492449       8.0492449       8.0492449       8.0492449
       8.0492449       7.8883724       7.7989988       7.8883724       7.7989988
       6.9588876       6.9231381       6.9231381       6.8695140       6.9588876
       6.8695140       6.8695140       6.8873887       7.2270083       7.0661354
       7.2270083       7.0661354       6.8337641       6.8337641       6.8337641
       6.8337641       6.8337641       6.8337641       6.8337641       6.8337641
       6.8158903       6.8158903       6.8158903       6.8158903       6.8337641
       6.8337641       6.8337641       6.8337641       6.8158903       6.8337641
       6.8158903       6.8337641       6.8337641
       8.2994919       8.2994919       8.2994919       8.2994919       8.2279930
       8.1922426       8.2279930       8.2279930       8.1386185       8.1386185
       8.1386185       8.1028690       8.0849953       8.1028690       8.1028690
       8.1028690       8.1207438       8.0849953       8.1207438       8.1207438
       8.1922426       8.1564941       8.1564941       8.1922426       8.1207438
       8.1207438       8.1207438       8.0671196       8.0492449       8.0492449
       8.0492449       8.0492449       7.8883724       7.7989988       7.8883724
       7.7989988       6.9588876       6.9231381       6.9231381       6.8695140
       6.9588876       6.8695140       6.8695140       6.8873887       7.2270083
       7.0661354       7.2270083       7.0661354       7.5666280       7.4415045
       7.4415045       7.4415045       7.4415045       6.8516393       6.8516393
       6.8337641       6.8516393       6.8516393       6.8516393       6.8516393
       6.8337641       6.8337641       6.8337641       6.8337641       6.8337641
       6.8337641       6.8337641       6.8337641       6.8158903       6.8158903
       6.8158903       6.8158903       6.8337641       6.8337641       6.8337641
       6.8337641       6.8516393       6.8516393       6.8516393       6.8516393
       6.8337641       6.8337641       6.8337641       6.8337641       6.8516393
       6.8516393       6.8516393       6.8516393       6.8516393       6.8516393
       6.8516393       6.9052629       6.9052629
       8.2994919       8.2994919       8.2637415       8.2279930       8.2279930
       8.2279930       8.2637415       8.1386185       8.1386185       8.1386185
       8.0849953       8.1028690       8.0849953       8.1028690       8.1564941
       8.1207438       8.1207438       8.1207438       8.1207438       8.1922426
       8.1922426       8.1564941       8.1922426       8.1028690       8.1207438
       8.1207438       8.0492449       8.0492449       8.0492449       8.0492449
       7.9419966       7.8883724       7.8883724       7.7989988       7.8883724
       6.9588876       6.9588876       6.9231381       6.9588876       6.8695140
       6.8695140       6.8695140       7.3521309       7.2270083       7.2270083
       7.0661354       7.2270083       7.5666280       7.5666280       7.4415045
       7.4415045       6.8516393       6.8516393       6.8516393       6.8516393
       6.8516393       6.8516393       6.8516393       6.8516393       6.8337641
       6.8337641       6.8337641       6.8337641       6.8337641       6.8337641
       6.8337641       6.8337641       6.8158903       6.8158903       6.8158903
       6.8158903       6.8337641       6.8337641       6.8337641       6.8337641
       6.8516393       6.8516393       6.8516393       6.8516393       6.8337641
       6.8337641       6.8337641       6.8516393       6.8516393       6.8516393
       6.8516393       6.8516393       6.8516393       6.8516393       6.8516393
       6.9052629       6.9052629       6.9052629
       8.1922426       8.1922426       8.2279930       8.1386185       8.1386185
       8.1207438       8.1386185       8.1028690       8.1028690       8.1028690
       8.1028690       8.0849953       8.1207438       8.0849953       8.1207438
       8.0849953       8.1564941       8.0671196       8.1564941       8.1207438
       8.1207438       8.0671196       8.0671196       8.0492449       8.0492449
       8.0492449       8.0492449       8.0134954       7.7989988       7.7989988
       7.7989988       7.6023774       6.9231381       6.8873887       6.9231381
       6.8695140       6.8695140       6.8873887       6.8873887       7.0661354
       7.2270083       7.0661354       7.0661354       6.9410129       7.4415045
       7.1555095       7.4415045       7.4415045       6.8516393       6.8337641
       6.8337641       6.8516393       6.8516393       6.8516393       6.8516393
       6.8337641       6.8337641       6.8337641       6.8337641       6.8337641
       6.8337641       6.8337641       6.8337641       6.8158903       6.8158903
       6.8158903       6.8158903       6.8158903       6.8337641       6.8337641
       6.8337641       6.8337641       6.8516393       6.8516393       6.8516393
       6.8337641       6.8337641       6.8337641       6.8337641       6.8516393
       6.8516393       6.8516393       6.8516393       6.8516393       6.8516393
       6.8516393       6.8695140       6.9052629       6.9052629       6.9052629
       6.9052629       6.9052629       6.9052629
       8.3888645       8.3888645       8.2994919       8.3173656       8.3173656
       8.2637415       8.2637415       8.2637415       8.2637415       8.2816162
       8.1743679       8.1922426       8.1743679       8.1922426       8.0492449
       8.1922426       8.1922426       8.2458668       8.1922426       8.2279930
       8.2279930       8.2279930       8.2279930       8.0671196       8.1028690
       8.1028690       8.0671196       8.0134954       8.0134954       8.0134954
       8.0134954       8.0313702       8.0313702       8.0134954       8.0313702
       7.9956212       7.9956212       7.9419966       7.9419966       7.9777465
       7.9956212       7.9777465       7.9777465       7.9777465       8.0134954
       7.9956212       8.0134954       7.9956212       8.0313702       8.0313702
       8.0313702       7.9598713       7.9241223       7.9598713       7.9598713
       7.9419966       7.9777465       7.9777465       7.9777465       7.9777465
       7.9777465       7.9598713       7.9598713       7.9598713       7.9598713
       7.9241223       7.9241223       7.8704977       7.7989988       7.8168736
       7.7989988       7.8168736       7.7989988       7.8704977       7.8526235
       7.8526235       7.6381269       7.7811246       7.6381269       7.6381269
       7.2985072       7.0482616       6.9767628       7.0482616       6.9767628
       6.9052629       6.9231381       6.9231381       6.8873887       6.9231381
       6.8873887       6.8873887       6.8873887
       7.9777465       7.8704977       7.8704977       7.9419966       7.9598713
       7.9241223       7.9598713       7.9598713       7.9956212       7.9777465
       7.9777465       7.9777465       7.9956212       7.9241223       7.9241223
       7.9241223       7.9241223       7.9777465       7.9956212       7.9777465
       7.9956212       7.9777465       8.2279930       8.2279930       8.1922426
       8.1922426       8.1922426       8.1207438       8.1207438       8.2279930
       8.2279930       8.1922426       8.2279930       8.2994919       8.2994919
       8.2994919       8.2994919       8.2994919       8.2279930       8.1922426
       8.2279930       8.2279930       8.1386185       8.1386185       8.1386185
       8.1028690       8.0849953       8.1028690       8.1028690       8.1028690
       8.1207438       8.0849953       8.1207438       8.1207438       8.1922426
       8.1564941       8.1564941       8.1207438       8.1922426       8.1207438
       8.1207438       8.0671196       8.0492449       8.0492449       8.0492449
       8.0492449       7.8883724       7.7989988       7.7989988       7.6023774
       7.7989988       6.9231381       7.4415045       7.4415045       7.4415045
       6.8516393       6.8337641       6.8516393       6.8516393       6.8516393
       6.8516393       6.8516393       6.8337641       6.8337641       6.8337641
       6.8337641       6.8337641       6.8337641       6.8337641       6.8337641
       6.8158903       6.8158903       6.8158903
       7.9419966       7.9598713       7.9598713       7.9241223       7.9598713
       7.9777465       7.9956212       7.9777465       7.9956212       7.9777465
       7.9241223       7.9241223       7.9241223       7.9241223       7.9956212
       7.9777465       7.9777465       7.9777465       7.9956212       8.2279930
       8.2279930       8.1922426       8.1922426       8.1922426       8.1207438
       8.1207438       8.2279930       8.1922426       8.1922426       8.2279930
       8.2994919       8.2994919       8.2994919       8.2994919       8.2994919
       8.2279930       8.2279930       8.1922426       8.2279930       8.1386185
       8.1386185       8.1386185       8.0849953       8.1028690       8.1028690
       8.1028690       8.1028690       8.1207438       8.1207438       8.0849953
       8.1207438       8.1564941       8.1922426       8.1564941       8.1922426
       8.1207438       8.1207438       8.0671196       8.1207438       8.0492449
       8.0492449       8.0492449       8.0492449       7.7989988       7.8883724
       7.7989988       7.7989988       7.6023774       6.9231381       6.8873887
       6.9231381       6.8695140       6.8516393       6.8516393       6.8337641
       6.8516393       6.8516393       6.8516393       6.8516393       6.8337641
       6.8337641       6.8337641       6.8337641       6.8337641       6.8337641
       6.8337641       6.8337641       6.8158903       6.8158903       6.8158903
       6.8158903       6.8337641       6.8337641
       7.9241223       7.9598713       7.9956212       7.9777465       7.9777465
       7.9777465       7.9956212       7.9241223       7.9241223       7.9241223
       7.9241223       7.9777465       7.9956212       7.9777465       7.9956212
       7.9777465       8.2279930       8.1922426       8.2279930       8.1922426
       8.1922426       8.1207438       8.1207438       8.2279930       8.1922426
       8.1922426       8.2279930       8.1922426       8.2994919       8.2994919
       8.2994919       8.2994919       8.2279930       8.1922426       8.2279930
       8.2279930       8.1386185       8.1386185       8.1386185       8.1028690
       8.0849953       8.1028690       8.1028690       8.1028690       8.1207438
       8.0849953       8.1207438       8.1207438       8.1922426       8.1564941
       8.1564941       8.1207438       8.1922426       8.1207438       8.1207438
       8.0671196       8.0492449       8.0492449       8.0492449       8.0492449
       7.8883724       7.7989988       7.7989988       7.6023774       7.7989988
       6.9231381       6.9231381       6.8873887       6.8695140       6.8873887
       6.8695140       6.8873887       6.8516393       6.8516393       6.8516393
       6.8516393       6.8337641       6.8337641       6.8337641       6.8337641
       6.8337641       6.8337641       6.8337641       6.8337641       6.8158903
       6.8158903       6.8158903       6.8158903       6.8337641       6.8337641
       6.8337641       6.8337641       6.8337641
       7.9777465       7.9777465       7.9956212       7.9777465       7.9241223
       7.9241223       7.9241223       7.9241223       7.9956212       7.9777465
       7.9777465       7.9777465       7.9956212       8.2279930       8.2279930
       8.1922426       8.1922426       8.1207438       8.1922426       8.1207438
       8.2279930       8.1922426       8.1922426       8.2279930       8.1922426
       8.2994919       8.2994919       8.2458668       8.2994919       8.2279930
       8.2279930       8.1922426       8.2279930       8.1386185       8.1386185
       8.1386185       8.0849953       8.1028690       8.1028690       8.1028690
       8.1028690       8.1207438       8.1207438       8.0849953       8.1207438
       8.1564941       8.1922426       8.1564941       8.1922426       8.1207438
       8.1207438       8.0671196       8.1207438       8.0492449       8.0492449
       8.0492449       8.0492449       7.7989988       7.8883724       7.7989988
       7.7989988       7.6023774       6.9231381       6.8873887       6.9231381
       6.8695140       6.8695140       6.8873887       6.8873887       7.0661354
       7.2270083       7.0661354       6.8516393       6.8337641       6.8337641
       6.8337641       6.8337641       6.8337641       6.8337641       6.8337641
       6.8337641       6.8158903       6.8158903       6.8158903       6.8158903
       6.8337641       6.8337641       6.8337641       6.8337641       6.8337641
       6.8158903       6.8158903       6.8337641
       7.9777465       7.9777465       7.9241223       7.9241223       7.9241223
       7.9241223       7.9241223       7.9777465       7.9777465       7.9956212
       7.9777465       8.1922426       8.2279930       8.1922426       8.1922426
       8.1207438       8.1207438       8.1207438       8.1207438       8.1922426
       8.1922426       8.1743679       8.1922426       8.2994919       8.2458668
       8.2458668       8.2994919       8.1922426       8.1922426       8.1922426
       8.2279930       8.1386185       8.1386185       8.1207438       8.1386185
       8.1028690       8.1028690       8.1028690       8.1028690       8.0849953
       8.1207438       8.0849953       8.1207438       8.0849953       8.1564941
       8.0671196       8.1564941       8.1207438       8.1207438       8.0671196
       8.0671196       8.0492449       8.0492449       8.0492449       8.0492449
       8.0134954       7.7989988       7.6023774       7.7989988       7.6023774
       6.9231381       6.8873887       6.8873887       6.8873887       6.8695140
       6.8873887       6.8873887       6.8695140       7.0661354       6.9410129
       7.0661354       6.9410129       6.8337641       6.8337641       6.8337641
       6.8337641       6.8337641       6.8337641       6.8337641       6.8158903
       6.8158903       6.8158903       6.8158903       6.8158903       6.8337641
       6.8337641       6.8337641       6.8337641       6.8337641       6.8158903
       6.8337641       6.8337641       6.8337641
       7.9777465       7.9241223       7.9241223       7.9241223       7.9241223
       7.9777465       7.9956212       7.9777465       7.9956212       7.9777465
       8.2279930       8.1922426       8.2279930       8.1922426       8.1922426
       8.1207438       8.1207438       8.1922426       8.2279930       8.1922426
       8.2279930       8.1922426       8.2994919       8.2994919       8.2458668
       8.2994919       8.2279930       8.1922426       8.1922426       8.2279930
       8.1386185       8.1386185       8.1386185       8.1028690       8.0849953
       8.1028690       8.1028690       8.1028690       8.1207438       8.0849953
       8.1207438       8.1207438       8.1922426       8.1564941       8.1564941
       8.1207438       8.1922426       8.1207438       8.1207438       8.0671196
       8.0492449       8.0492449       8.0492449       8.0492449       7.8883724
       7.7989988       7.7989988       7.6023774       7.7989988       6.9231381
       6.9231381       6.8873887       6.8695140       6.8873887       6.8695140
       6.8873887       7.2270083       7.0661354       7.0661354       6.9410129
       7.0661354       7.4415045       6.8337641       6.8337641       6.8337641
       6.8337641       6.8337641       6.8337641       6.8158903       6.8158903
       6.8158903       6.8158903       6.8337641       6.8337641       6.8337641
       6.8337641       6.8337641       6.8158903       6.8337641       6.8158903
       6.8337641       6.8337641       6.8337641
       8.2994919       8.2279930       8.2279930       8.1922426       8.2279930
       8.1386185       8.1386185       8.1386185       8.0849953       8.1028690
       8.1028690       8.1028690       8.1028690       8.1207438       8.1207438
       8.0849953       8.1207438       8.1564941       8.1922426       8.1564941
       8.1922426       8.1207438       8.1207438       8.1207438       8.0671196
       8.0492449       8.0492449       8.0492449       8.0492449       7.8883724
       7.8883724       7.7989988       7.7989988       6.9231381       6.9588876
       6.9231381       6.9588876       6.8695140       6.8695140       6.8873887
       6.8695140       7.2270083       7.2270083       7.0661354       7.0661354
       7.4415045       7.5666280       7.4415045       7.4415045       7.4415045
       6.8516393       6.8337641       6.8516393       6.8516393       6.8516393
       6.8516393       6.8516393       6.8337641       6.8337641       6.8337641
       6.8337641       6.8337641       6.8337641       6.8337641       6.8337641
       6.8158903       6.8158903       6.8158903       6.8158903       6.8337641
       6.8337641       6.8337641       6.8337641       6.8516393       6.8516393
       6.8516393       6.8337641       6.8516393       6.8337641       6.8337641
       6.8337641       6.8516393       6.8516393       6.8516393       6.8516393
       6.8516393       6.8516393       6.8516393       6.9052629       6.9052629
       6.9052629       6.9052629       6.9052629
       8.2994919       8.2279930       8.2279930       8.1922426       8.2279930
       8.1386185       8.1386185       8.1386185       8.0849953       8.1028690
       8.1028690       8.1028690       8.1028690       8.1207438       8.1207438
       8.0849953       8.1207438       8.1564941       8.1922426       8.1564941
       8.1922426       8.1207438       8.1207438       8.1207438       8.0671196
       8.0492449       8.0492449       8.0492449       8.0492449       7.8883724
       7.8883724       7.7989988       7.7989988       6.9231381       6.9588876
       6.9231381       6.9588876       6.8695140       6.8695140       6.8873887
       6.8695140       7.2270083       7.2270083       7.0661354       7.0661354
       7.4415045       7.5666280       7.4415045       7.4415045       7.4415045
       6.8516393       6.8337641       6.8516393       6.8516393       6.8516393
       6.8516393       6.8516393       6.8337641       6.8337641       6.8337641
       6.8337641       6.8337641       6.8337641       6.8337641       6.8337641
       6.8158903       6.8158903       6.8158903       6.8158903       6.8337641
       6.8337641       6.8337641       6.8337641       6.8516393       6.8516393
       6.8516393       6.8337641       6.8516393       6.8337641       6.8337641
       6.8337641       6.8516393       6.8516393       6.8516393       6.8516393
       6.8516393       6.8516393       6.8516393       6.9052629       6.9052629
       6.9052629       6.9052629       6.9052629
       8.3888645       8.3888645       8.2994919       8.3173656       8.3173656
       8.2637415       8.2637415       8.2637415       8.2637415       8.2816162
       8.1743679       8.1922426       8.1743679       8.1922426       8.0492449
       8.1922426       8.1922426       8.2458668       8.1922426       8.2279930
       8.2279930       8.2279930       8.2279930       8.0671196       8.1028690
       8.1028690       8.0671196       8.0134954       8.0134954       8.0134954
       8.0134954       8.0313702       8.0313702       8.0134954       8.0313702
       7.9956212       7.9956212       7.9419966       7.9419966       7.9777465
       7.9956212       7.9777465       7.9777465       7.9777465       8.0134954
       7.9956212       8.0134954       7.9956212       8.0313702       8.0313702
       8.0313702       7.9598713       7.9241223       7.9598713       7.9598713
       7.9419966       7.9777465       7.9777465       7.9777465       7.9777465
       7.9777465       7.9598713       7.9598713       7.9598713       7.9598713
       7.9241223       7.9241223       7.8704977       7.7989988       7.8168736
       7.7989988       7.8168736       7.7989988       7.8704977       7.8526235
       7.8526235       7.6381269       7.7811246       7.6381269       7.6381269
       7.2985072       7.0482616       6.9767628       7.0482616       6.9767628
       6.9052629       6.9231381       6.9231381       6.8873887       6.9231381
       6.8873887       6.8873887       6.8873887
       7.9777465       7.8704977       7.8704977       7.9419966       7.9598713
       7.9241223       7.9598713       7.9598713       7.9956212       7.9777465
       7.9777465       7.9777465       7.9956212       7.9241223       7.9241223
       7.9241223       7.9241223       7.9777465       7.9956212       7.9777465
       7.9956212       7.9777465       8.2279930       8.2279930       8.1922426
       8.1922426       8.1922426       8.1207438       8.1207438       8.2279930
       8.2279930       8.1922426       8.2279930       8.2994919       8.2994919
       8.2994919       8.2994919       8.2994919       8.2279930       8.1922426
       8.2279930       8.2279930       8.1386185       8.1386185       8.1386185
       8.1028690       8.0849953       8.1028690       8.1028690       8.1028690
       8.1207438       8.0849953       8.1207438       8.1207438       8.1922426
       8.1564941       8.1564941       8.1207438       8.1922426       8.1207438
       8.1207438       8.0671196       8.0492449       8.0492449       8.0492449
       8.0492449       7.8883724       7.7989988       7.7989988       7.6023774
       7.7989988       6.9231381       7.4415045       7.4415045       7.4415045
       6.8516393       6.8337641       6.8516393       6.8516393       6.8516393
       6.8516393       6.8516393       6.8337641       6.8337641       6.8337641
       6.8337641       6.8337641       6.8337641       6.8337641       6.8337641
       6.8158903       6.8158903       6.8158903
       7.9419966       7.9598713       7.9598713       7.9241223       7.9598713
       7.9777465       7.9956212       7.9777465       7.9956212       7.9777465
       7.9241223       7.9241223       7.9241223       7.9241223       7.9956212
       7.9777465       7.9777465       7.9777465       7.9956212       8.2279930
       8.2279930       8.1922426       8.1922426       8.1922426       8.1207438
       8.1207438       8.2279930       8.1922426       8.1922426       8.2279930
       8.2994919       8.2994919       8.2994919       8.2994919       8.2994919
       8.2279930       8.2279930       8.1922426       8.2279930       8.1386185
       8.1386185       8.1386185       8.0849953       8.1028690       8.1028690
       8.1028690       8.1028690       8.1207438       8.1207438       8.0849953
       8.1207438       8.1564941       8.1922426       8.1564941       8.1922426
       8.1207438       8.1207438       8.0671196       8.1207438       8.0492449
       8.0492449       8.0492449       8.0492449       7.7989988       7.8883724
       7.7989988       7.7989988       7.6023774       6.9231381       6.8873887
       6.9231381       6.8695140       6.8516393       6.8516393       6.8337641
       6.8516393       6.8516393       6.8516393       6.8516393       6.8337641
       6.8337641       6.8337641       6.8337641       6.8337641       6.8337641
       6.8337641       6.8337641       6.8158903       6.8158903       6.8158903
       6.8158903       6.8337641       6.8337641
       7.9241223       7.9598713       7.9956212       7.9777465       7.9777465
       7.9777465       7.9956212       7.9241223       7.9241223       7.9241223
       7.9241223       7.9777465       7.9956212       7.9777465       7.9956212
       7.9777465       8.2279930       8.1922426       8.2279930       8.1922426
       8.1922426       8.1207438       8.1207438       8.2279930       8.1922426
       8.1922426       8.2279930       8.1922426       8.2994919       8.2994919
       8.2994919       8.2994919       8.2279930       8.1922426       8.2279930
       8.2279930       8.1386185       8.1386185       8.1386185       8.1028690
       8.0849953       8.1028690       8.1028690       8.1028690       8.1207438
       8.0849953       8.1207438       8.1207438       8.1922426       8.1564941
       8.1564941       8.1207438       8.1922426       8.1207438       8.1207438
       8.0671196       8.0492449       8.0492449       8.0492449       8.0492449
       7.8883724       7.7989988       7.7989988       7.6023774       7.7989988
       6.9231381       6.9231381       6.8873887       6.8695140       6.8873887
       6.8695140       6.8873887       6.8516393       6.8516393       6.8516393
       6.8516393       6.8337641       6.8337641       6.8337641       6.8337641
       6.8337641       6.8337641       6.8337641       6.8337641       6.8158903
       6.8158903       6.8158903       6.8158903       6.8337641       6.8337641
       6.8337641       6.8337641       6.8337641
       7.9777465       7.9777465       7.9956212       7.9777465       7.9241223
       7.9241223       7.9241223       7.9241223       7.9956212       7.9777465
       7.9777465       7.9777465       7.9956212       8.2279930       8.2279930
       8.1922426       8.1922426       8.1207438       8.1922426       8.1207438
       8.2279930       8.1922426       8.1922426       8.2279930       8.1922426
       8.2994919       8.2994919       8.2458668       8.2994919       8.2279930
       8.2279930       8.1922426       8.2279930       8.1386185       8.1386185
       8.1386185       8.0849953       8.1028690       8.1028690       8.1028690
       8.1028690       8.1207438       8.1207438       8.0849953       8.1207438
       8.1564941       8.1922426       8.1564941       8.1922426       8.1207438
       8.1207438       8.0671196       8.1207438       8.0492449       8.0492449
       8.0492449       8.0492449       7.7989988       7.8883724       7.7989988
       7.7989988       7.6023774       6.9231381       6.8873887       6.9231381
       6.8695140       6.8695140       6.8873887       6.8873887       7.0661354
       7.2270083       7.0661354       6.8516393       6.8337641       6.8337641
       6.8337641       6.8337641       6.8337641       6.8337641       6.8337641
       6.8337641       6.8158903       6.8158903       6.8158903       6.8158903
       6.8337641       6.8337641       6.8337641       6.8337641       6.8337641
       6.8158903       6.8158903       6.8337641
       7.9777465       7.9777465       7.9241223       7.9241223       7.9241223
       7.9241223       7.9241223       7.9777465       7.9777465       7.9956212
       7.9777465       8.1922426       8.2279930       8.1922426       8.1922426
       8.1207438       8.1207438       8.1207438       8.1207438       8.1922426
       8.1922426       8.1743679       8.1922426       8.2994919       8.2458668
       8.2458668       8.2994919       8.1922426       8.1922426       8.1922426
       8.2279930       8.1386185       8.1386185       8.1207438       8.1386185
       8.1028690       8.1028690       8.1028690       8.1028690       8.0849953
       8.1207438       8.0849953       8.1207438       8.0849953       8.1564941
       8.0671196       8.1564941       8.1207438       8.1207438       8.0671196
       8.0671196       8.0492449       8.0492449       8.0492449       8.0492449
       8.0134954       7.7989988       7.6023774       7.7989988       7.6023774
       6.9231381       6.8873887       6.8873887       6.8873887       6.8695140
       6.8873887       6.8873887       6.8695140       7.0661354       6.9410129
       7.0661354       6.9410129       6.8337641       6.8337641       6.8337641
       6.8337641       6.8337641       6.8337641       6.8337641       6.8158903
       6.8158903       6.8158903       6.8158903       6.8158903       6.8337641
       6.8337641       6.8337641       6.8337641       6.8337641       6.8158903
       6.8337641       6.8337641       6.8337641
       7.9777465       7.9241223       7.9241223       7.9241223       7.9241223
       7.9777465       7.9956212       7.9777465       7.9956212       7.9777465
       8.2279930       8.1922426       8.2279930       8.1922426       8.1922426
       8.1207438       8.1207438       8.1922426       8.2279930       8.1922426
       8.2279930       8.1922426       8.2994919       8.2994919       8.2458668
       8.2994919       8.2279930       8.1922426       8.1922426       8.2279930
       8.1386185       8.1386185       8.1386185       8.1028690       8.0849953
       8.1028690       8.1028690       8.1028690       8.1207438       8.0849953
       8.1207438       8.1207438       8.1922426       8.1564941       8.1564941
       8.1207438       8.1922426       8.1207438       8.1207438       8.0671196
       8.0492449       8.0492449       8.0492449       8.0492449       7.8883724
       7.7989988       7.7989988       7.6023774       7.7989988       6.9231381
       6.9231381       6.8873887       6.8695140       6.8873887       6.8695140
       6.8873887       7.2270083       7.0661354       7.0661354       6.9410129
       7.0661354       7.4415045       6.8337641       6.8337641       6.8337641
       6.8337641       6.8337641       6.8337641       6.8158903       6.8158903
       6.8158903       6.8158903       6.8337641       6.8337641       6.8337641
       6.8337641       6.8337641       6.8158903       6.8337641       6.8158903
       6.8337641       6.8337641       6.8337641
       8.2994919       8.2279930       8.2279930       8.1922426       8.2279930
       8.1386185       8.1386185       8.1386185       8.0849953       8.1028690
       8.1028690       8.1028690       8.1028690       8.1207438       8.1207438
       8.0849953       8.1207438       8.1564941       8.1922426       8.1564941
       8.1922426       8.1207438       8.1207438       8.1207438       8.0671196
       8.0492449       8.0492449       8.0492449       8.0492449       7.8883724
       7.8883724       7.7989988       7.7989988       6.9231381       6.9588876
       6.9231381       6.9588876       6.8695140       6.8695140       6.8873887
       6.8695140       7.2270083       7.2270083       7.0661354       7.0661354
       7.4415045       7.5666280       7.4415045       7.4415045       7.4415045
       6.8516393       6.8337641       6.8516393       6.8516393       6.8516393
       6.8516393       6.8516393       6.8337641       6.8337641       6.8337641
       6.8337641       6.8337641       6.8337641       6.8337641       6.8337641
       6.8158903       6.8158903       6.8158903       6.8158903       6.8337641
       6.8337641       6.8337641       6.8337641       6.8516393       6.8516393
       6.8516393       6.8337641       6.8516393       6.8337641       6.8337641
       6.8337641       6.8516393       6.8516393       6.8516393       6.8516393
       6.8516393       6.8516393       6.8516393       6.9052629       6.9052629
       6.9052629       6.9052629       6.9052629
       8.2994919       8.2279930       8.2279930       8.1922426       8.2279930
       8.1386185       8.1386185       8.1386185       8.0849953       8.1028690
       8.1028690       8.1028690       8.1028690       8.1207438       8.1207438
       8.0849953       8.1207438       8.1564941       8.1922426       8.1564941
       8.1922426       8.1207438       8.1207438       8.1207438       8.0671196
       8.0492449       8.0492449       8.0492449       8.0492449       7.8883724
       7.8883724       7.7989988       7.7989988       6.9231381       6.9588876
       6.9231381       6.9588876       6.8695140       6.8695140       6.8873887
       6.8695140       7.2270083       7.2270083       7.0661354       7.0661354
       7.4415045       7.5666280       7.4415045       7.4415045       7.4415045
       6.8516393       6.8337641       6.8516393       6.8516393       6.8516393
       6.8516393       6.8516393       6.8337641       6.8337641       6.8337641
       6.8337641       6.8337641       6.8337641       6.8337641       6.8337641
       6.8158903       6.8158903       6.8158903       6.8158903       6.8337641
       6.8337641       6.8337641       6.8337641       6.8516393       6.8516393
       6.8516393       6.8337641       6.8516393       6.8337641       6.8337641
       6.8337641       6.8516393       6.8516393       6.8516393       6.8516393
       6.8516393       6.8516393       6.8516393       6.9052629       6.9052629
       6.9052629       6.9052629       6.9052629
